26 0 0 0 0 0 0 0 0 0 4 0 1 0 0 0 0 1 0 0 0 0 0 1 2 0 0 2 1 0 0 2
0 30 0 0 1 1 0 0 0 0 0 1 1 0 1 0 0 1 0 0 0 0 0 0 1 0 0 1 0 0 0 2
0 0 32 0 0 0 3 0 2 0 0 0 0 0 0 1 0 0 0 0 1 0 0 0 0 0 1 0 0 0 0 0
0 0 1 33 0 0 0 0 0 0 0 0 1 0 0 0 0 1 0 0 1 0 1 0 1 0 0 1 0 0 0 0
0 0 0 0 38 0 0 0 0 0 0 0 0 0 0 0 1 0 0 0 0 1 0 0 0 0 0 0 0 0 0 0
0 1 0 0 0 32 0 0 0 0 0 0 0 0 0 0 0 2 1 0 0 1 0 0 2 0 1 0 0 0 0 0
0 0 0 0 0 0 36 0 0 0 0 0 0 0 0 0 0 0 0 1 1 0 0 0 0 0 1 0 1 0 0 0
0 0 0 0 0 1 0 35 0 0 0 0 0 1 0 1 0 0 0 0 0 0 0 0 0 2 0 0 0 0 0 0
0 0 0 0 0 0 1 0 26 0 1 1 0 0 0 1 0 0 1 0 3 0 0 0 0 0 2 0 0 0 4 0
1 0 0 0 1 1 0 0 0 27 0 2 0 0 0 0 0 4 0 1 0 0 0 0 0 0 0 3 0 0 0 0
0 0 0 0 1 2 0 0 0 2 26 0 0 0 0 0 0 2 0 1 0 0 0 0 0 0 1 0 3 1 0 1
0 0 1 1 0 0 1 0 2 1 0 23 0 1 0 1 3 0 1 0 0 0 0 0 0 1 2 1 0 0 1 0
0 1 0 3 0 1 0 0 0 0 1 0 28 2 0 0 0 0 1 0 1 0 0 0 1 0 0 0 1 0 0 0
0 0 0 0 0 0 0 0 0 0 0 0 0 34 0 0 0 0 2 1 0 1 0 0 0 2 0 0 0 0 0 0
1 2 0 0 1 3 0 1 0 2 0 0 0 0 25 0 0 1 0 0 0 0 1 0 1 0 0 0 1 0 0 1
0 0 0 0 0 0 0 0 0 0 0 1 0 0 0 36 1 1 0 0 0 0 0 0 0 0 1 0 0 0 0 0
0 0 0 0 0 0 1 1 2 0 0 2 0 0 0 0 30 0 0 0 0 2 0 0 0 0 0 1 0 0 1 0
0 0 0 0 2 1 0 0 0 1 0 0 0 0 0 1 0 31 0 1 0 0 0 1 0 0 0 2 0 0 0 0
0 0 1 0 0 0 0 0 0 0 0 0 0 0 0 0 0 0 37 0 0 1 0 0 1 0 0 0 0 0 0 0
0 0 1 0 1 1 1 0 1 0 2 0 0 0 0 0 0 1 0 24 0 0 0 1 2 5 0 0 0 0 0 0
0 0 1 0 0 0 2 1 3 0 0 1 0 2 0 0 0 0 1 1 25 0 0 0 0 0 3 0 0 0 0 0
0 0 0 0 0 0 1 1 1 0 0 0 0 0 0 0 0 0 1 1 0 33 1 0 0 0 1 0 0 0 0 0
0 0 0 1 0 0 0 0 1 1 0 0 0 0 0 0 0 1 1 2 0 0 30 0 1 1 0 1 0 0 0 0
0 0 0 0 0 1 0 0 0 0 1 1 1 0 0 0 0 0 0 0 0 0 2 33 0 0 0 0 0 1 0 0
0 1 0 0 1 0 0 0 0 1 0 0 0 0 0 0 0 2 0 0 0 0 0 0 34 0 0 1 0 0 0 0
0 0 2 0 0 0 0 1 0 0 0 0 0 1 0 0 1 0 0 1 1 0 0 1 0 32 0 0 0 0 0 0
0 0 0 0 0 0 0 0 0 0 0 0 2 0 0 0 0 0 1 0 0 0 0 0 0 0 36 0 0 0 1 0
0 1 0 0 2 0 0 0 1 0 1 0 0 0 0 0 0 3 0 0 0 0 1 0 1 0 0 25 2 0 0 3
0 0 0 0 0 0 0 1 0 0 0 0 1 0 0 0 0 1 0 0 1 1 0 2 0 0 1 0 32 0 0 0
0 0 1 0 0 0 0 0 0 2 1 0 1 0 2 0 1 2 0 3 0 2 0 0 0 0 0 0 0 25 0 0
2 0 0 0 0 0 1 0 5 0 0 0 0 0 1 2 0 0 0 0 0 1 1 0 0 1 1 0 0 0 25 0
3 2 0 0 3 0 0 0 0 1 0 0 1 0 0 0 0 1 0 0 0 0 1 0 2 0 0 2 0 0 0 24
